$ANSIBLE_VAULT;1.1;AES256
38323963373933643030343831343161666462666666623130373238346535313339343931363564
6336373539353863386561333730653462613534343234340a386139303839636637313330366135
32633266303239663866643137643637623432636163306134363637663064336434636362613234
3933393062333230340a393632343133636264363137623435643365646638646333346437333437
39356130386133633339303162643433333962316361333735343463326238313035353563633036
62376236323633626564303734613964626136333635343738306239353361323662343863356635
33353262616563666666663735323234303839306166383964626562333532656237393639303933
39343035653638386435336562663631613138346539383664373639653663336337346536346335
63613033336461306461343735326262333636356232306639333034653065633065636562353338
63616266383937626530343964363661323361663535663066323063623164393338623263323362
65343935343265343432386334623735363331336662376637346135323839623666336165643563
35343865326162643661316137663230383362366533623437393563643430363266353861623861
61366430646537633931316662373834373935346238346339643637633935316536346538313330
36393534656535646637383465336634643831623964356166393362656662663363303138633761
39646635313833346435356162366638333831666137663938383138636131613561383632303737
61376538656339383861626136623032376338663935303030633430316133633837343938353864
32623533326436653766383234663032346531363462343030306263653431623861643161643863
63616130366539333733306363366532326366633734396537663239613335623961383263663136
61643236316163373261373761306564333837646538363035643535353337373132623536383530
65653339626565356161353637303165353563653435323363356261306634643361643632303737
63633130323765373532323837393936363264353836303464636235323330376463633932616262
36653765306266353864626438373735636433393461646464386631396566643532313234663135
63323334363735393464313333323363356136653134383136306533313534333730323930393561
63613139616262626135653731626435373761633966616164653334353536383764636137346263
65663337646161666337613066326261386262366634306564613537623830356639323966626163
30643936626361316665656133303036363432346361636334336364373065663036653961386361
31666666306337303735343633653838656533626331393762316263623962623532376534343938
63646663396465316637636662643466626330613138653763326430383137613436343439353736
65353633663633316664396163613533616134653732626263366530363131386539633835313536
33643866623131356162303763323332393663626162393530343139653031643736663863336563
38393965313736323361623735656535366338623830643062343336316532353664356464383430
37666632316634356338343663323137316431363636643965323337343639636431396637643732
37343130336363383039326334643963623863396331643134623334306264613066646539363233
37623137653730633861663336613566383033383832343535633238313432613839306633373666
65316461356538313763343833373661626464343731333465636338343665356631613939653235
35663736353433373837363161383366383938373266316537353932303566396630323930383739
32353132613161613832396361616233393763373464633736326236613135646464393835666334
32353465363134393332646462663034356231663263663163613834393333626639613862393263
64343339313162336632626232393438306464376562636239656463363462316435643833346165
64303933316430616538316363326366336234333436313833303937643162663530333234383031
37383534323239613534616163623665313239636463373464636463376262373033623464646135
61353065336631626439636632626239353439336465303531373230386130613739356565323534
31656337306466633461326361356563646662373337356466376239616361656336343339613166
31376330623633626237313135353864653336376435376331366430356234363035396535653165
66303536366561363738663938366361316637396265323132376262623231343136613463373136
30353762376535643064613938653461613134626430616535363532313432323034373939396436
65333963333832333932373365333064306235303433353263623837623063623965613633343036
38383361636362633961373731346131386365363163313530313963626664353036396639396664
34343534333563663965363531376632633036643837613839646633343564353766383237303664
36623264626561643731333131336138333237623932646334663930333235363834376532653434
32396531316239656664633466613532333765613938383362353962306364366662613063366165
34663539353632313363373937323561303565623630666238336538373034636139636631313934
33326633326661363839343563616364343964303861633762323531643331633365313939346164
38376231646235326635393633356266373365346663626636333138633461653837633965343138
39316664343265313839333039323939356232623339326431303935336430656232616633323766
30353865383239363939623836626430363566386331303035363462313739373733653931383861
34323636393233353166643364316564353133393664393965396663393661303335376430383361
63363833383566613733376564313965656137626130613565643662633539303238356361396335
62613865393833376564333433373666303532336531346533383737633636616163633066346366
66363836323538623164343530643536663235333137303363373939356230623833663230663931
64663962333330313664366632336462633239656263303735666530363361616333333130636561
38653931386363373864316632343235656133323365653339663066353733373838656638346636
61653062656665326136303032623563323730643566323565396131386364316639313531643034
38663839623132656531356166333363343964363837353237313538343037363835343431313134
38386462656438326339666335383034636361626465393265626233653138326430653463306232
36616539323462353561393539356265353435313932353236653166393163386165356430326131
66396538646634306362323336306532373636656437343839616638663935626163626337313633
34613136663733643761663334356238336439373936656165353139656565376639646432353535
38323936393738336530333438666362623437383163363136616562643236663862643733613861
33306534663633643366383763643961306636333261373965303938653531343066396366663362
62633363663063633066336134303438653734383530636263353334326639636264653635396239
39353436366164353531326361333836623562363737393735346166353835303961616433666237
37383335353438363436653039373233656364663438346132643035656631383664366166306463
61346466646331653264326331623361383039383762663262373432313263623662353561303664
39373037623230313239356364666135313764316430366239316531396464316433366335303164
30653838393934383363303665303131353136353633623666363635396665333330646162663934
30333530333534623931393337313537353639613966363939356362373562383638623332623839
66653832303739396563623765343733653532383238616131356539626466326132336134623630
32666330323461363839613663323064393036343238343061366138323232386634343164616462
31653738336662363631306634323936353735313565633765663830376261626134313236336339
61393261613636323335653936373662353963636165633538336136323432303631303030636532
61353437323438353466653063306134363763663036363233636533373164343139306666306135
33343836663261306462393163643130333665633566333632333434363461653230636562306337
36363939323238643264643739633038313930323539616434343330346539376536623034386564
35656238343734373166636535353932626633323461626431343139616364396461663934646362
35353432373031613761363736393136613530636262633235633335396265346138396563323734
39383431306264343437383462376232383739626637393365623765396433333664363865386163
32346635356361643931383237326230666563396135386435636333396330633339643230313434
32366163626638303733303838393231646361653336386663353531396535363466363134383933
62656565313934613336333731356539313934613135626636663633363337616562623236333166
34613233636137643566633632363364633234303861313938626535613636363939306165336232
66356364363262376336366631623736346633623933346633306335366634366263666236316630
36373236653838343164363734333631366666373534323238393835313037343733313636353361
30363437363730353837643437653330306530323963316463326539343636386564643331383130
65323962646338646235663630383330636334326563666137363364393535363162653832326266
32396661663939353038316333343865353066383662623066626362623131643963636337613966
61613737323534633864626434346363653335303562373739656664633364643062343162303162
62386432363262343938323837363836313365393530663336666632333761306636323939616266
61306565333438653765303765616530313164646661356539383239393333303663346237303331
62373664613039326466643234306639366336623162306331373532633563333030303034656132
65643437373734656563613633396637393863396431306435383132646337613962386566336163
36656635646430363338313031336136616361353863353235353833313736373432363961366530
32373431653838373631323838323030373038666536333039653238616539326265393631633163
35663239386162373935653766646133633031363466363132383435323462383031653739616164
38393864646236303331336337333333343635343063396235343732663362636165666464373864
62353130313630613135623837656138333832353336663064343436346135313739393663663235
34346331373961346166396564383138356135656336353036396633323664643837376531373836
34323362386234383866363931643663393664643166626134323739323039613238303331623939
65303261356362636530383031376336656365333262323531643236383363653839303637643635
37636361353665666161626466643835323263323161646164336164336562333962393562616337
35316235336162346236313931313963363437393636376338336230356532316332663831323462
38663032633639653030616634386339636338643361363163306265643034393233633931303739
62373231356635326535386237316238616461363937323362653031326431393532363338346661
35346332313264326161306161303030363238623566646432353165663536316462336633663238
32323437316535383731646538656532653264323663613364623036623530623836326266376136
30336434373237613136306132383236643765336566306363363164646636633638366165613335
36363738303661396136303035623963316562363937613061393236663031323839643461653163
36633832356563633036666537386531613364646631663539666234633037623363613537326534
39333165646138386534326362356139396261313138323238383763356136313964383562623237
38336530376363616538636363623435303439343462393130613236373764386261333335323835
37636430313532316262383561663166396637343735343730656434383739663065353265663366
33313962323839336439653166323662346630333164306461343936333634613335373638623064
63383836346437303139663931323735333164393061346632313933663830643466616432303032
64373630653932656432363038316630313433636561363439363866326437323564366336623561
38626332323639636631313661383463316635393932306531316536376132316337623838343036
37616137613338356161383331366566336531643965646631383966336432623564303335663932
65636336396531646234376561616164386333356239663966306530613736343634336631326338
38656561396334353466613737646130303237303664333538363562303462353165313639633933
30306631303938643231346534636662383436393135613764666131323533313334323866613331
37363539633731383839333136383936346130666233383564656435383161373533653233636637
64376236633137623866663661616164326239386530303964613236363737393666356339303036
34306438613334636336633865323064316164313330623232393164646137663335343435633335
65653032623638343365613135316461383638363263643664626130393064396331393962613632
65386637343931626233663233323930633466373665366533613531653735643132366136383165
653265346539613531343539666362636138
